5 8.509777209156553
15 7.769871842737359
25 27.368509009688573
35 63.261467541734916
45 30.778843640759096
55 24.203260303423104
65 42.49410100855397
75 39.74864390003148
85 30.168686767739022
95 52.5441113865077
105 51.485876583544815
115 37.69647732965863
125 44.52180655529879
135 34.38400716616375
145 37.60689498003846
155 17.65918763394548
165 28.943381471049552
175 60.02143978889169
185 64.64176109074998
195 55.07966566014643
205 30.472533866291073
215 33.59562867169616
225 39.751143795734926
235 60.86606398203272
245 33.77448436605965
255 29.430522644223057
265 36.8074259973412
275 43.40024721614411
285 34.349001436574866
295 26.882676947453593
305 57.25397462459816
315 57.64980966949628
325 42.28416366701634
335 31.20354647112872
345 43.860063195322006
355 54.12952464151472
365 54.28818027912479
375 40.10997184889381
385 47.161843827985905
395 24.493570097809194
405 39.31436102549265
415 39.07707481373194
425 28.74494409245041
435 65.2452344304225
445 34.493415498376834
455 53.078670322278256
465 54.01963986140815
475 39.14790525011106
485 47.498748857004514
495 39.814049537265845
505 60.282551097382026
515 44.46020938187998
525 47.254522440214444
535 61.33676922894242
545 49.46262820458008
555 14.150979806349554
565 19.04523930532233
575 31.57091110178693
585 26.16429100349803
595 54.30258329692023
605 39.782385763383715
615 23.551127315204234
625 39.039064643796394
635 48.99182028790977
645 27.28336011011512
655 35.06016120831749
665 33.72911626034274
675 41.01091701678382
685 22.67292716491972
695 53.85631692807321
705 52.755049940116216
715 15.976142532314487
725 37.09718145758654
735 31.4313875815297
745 16.04019959306546
755 13.72826596512715
765 82.58803487860814
775 44.99456547510001
785 68.94321805894064
795 44.756683192675965
805 39.04111809509213
815 57.007682388601964
825 27.0651472248231
835 37.387756878317084
845 37.242864200363094
855 48.74637272231479
865 43.60109620651255
875 33.742715340895224
885 46.643739408588196
895 51.424993654348974
905 68.00865299451267
915 30.750987378114374
925 43.6498557274393
935 36.70114397424244
945 29.59542148378497
955 42.38472025718114
965 78.85846248188274
975 46.674448127286915
985 64.65304301102238
995 61.456224870514724
1005 27.62894635526076
1015 36.00427649089996
1025 46.10407029847387
1035 40.298033390904905
1045 40.75723527728083
1055 40.24500767107213
1065 47.13968150090678
1075 15.70204199495306
1085 44.30218369564738
1095 53.650324226161885
1105 33.16741534298121
1115 32.81338855353957
1125 31.220125010616655
1135 21.26776236436097
1145 56.59593549949961
1155 17.62330618213743
1165 40.34526749342343
1175 33.33598337015241
1185 46.84645435730129
1195 35.17116238341816
1205 59.779563553985426
1215 50.008184631921395
1225 35.396525108782164
1235 27.1349351299701
1245 45.70622810415748
1255 49.25683567317404
1265 25.856130527258248
1275 35.0393897615554
1285 61.716024870527015
1295 29.949027138449278
1305 30.273408102974248
1315 33.67790802306971
1325 26.30127419739136
1335 33.32725154228528
1345 24.75522970801183
1355 16.36834334999361
1365 36.308433654499005
1375 54.23812982843985
1385 36.12980387103165
1395 31.030322190583
1405 61.98558978267998
1415 29.92536628161555
1425 39.375234304787334
1435 26.67148731935431
1445 27.092936507468643
1455 26.727416028183413
1465 29.32791911066322
1475 71.89722577661212
1485 46.0779615111577
1495 31.49378489188008
1505 45.632825541253126
1515 50.685122125164646
1525 51.27809350971384
1535 65.85433296524326
1545 41.54841601021497
1555 47.781704222059176
1565 42.329737033494155
1575 31.67089811531558
1585 50.420286176290375
1595 34.8249022117036
1605 39.104177897542286
1615 44.648403592645394
1625 40.674512710102974
1635 37.18690352944167
1645 45.79040311760832
1655 35.08607981730401
1665 32.90639722721433
1675 32.909672789035874
1685 33.48766120447526
1695 45.47395713062434
1705 110.51259637085032
1715 54.24554681879269
1725 55.106006616913064
1735 60.83723519769125
1745 30.157234599847133
1755 57.28612329495658
1765 37.05805276407069
1775 69.62520415774355
1785 54.096622978414835
1795 29.02890983294326
1805 60.57263731294286
1815 39.17501397757244
1825 59.29456940759658
1835 52.533387394645224
1845 52.41520390373882
1855 52.690673581933886
1865 35.938313736111105
1875 43.797781237782274
1885 44.7980232094275
1895 36.19886955092502
1905 29.307928682212054
1915 17.33693859296274
1925 37.51616182554761
1935 36.051833907887776
1945 48.05620994285229
1955 45.9128586631027
1965 46.58881637863893
1975 49.675782062147306
1985 32.806884641984496
1995 33.956026766826476
2005 27.85153267912908
2015 32.78405397759777
2025 33.941877857936134
2035 59.35206253394849
2045 27.78808414509379
2055 23.461337597629896
2065 29.190894158580544
2075 58.33240702245663
2085 58.309564557394054
2095 22.584101422510127
2105 38.82488138990364
2115 53.77173071185147
2125 59.878164528972036
2135 37.691828607036776
2145 46.66981099561684
2155 26.90033606577953
2165 57.08067055003285
2175 40.810687277783245
2185 18.342202438264387
2195 36.468892025355714
2205 41.83056734437263
2215 35.05878495558762
2225 64.2795058434829
2235 62.551017947537375
2245 86.46035629306692
2255 83.40884030145466
2265 30.194953495150706
2275 30.89484556698655
2285 35.56552223051078
2295 35.98713381646954
2305 52.260209634962436
2315 20.26583592032503
2325 60.42495777423044
2335 22.694681395177376
2345 49.91379187915263
2355 39.7764982462939
2365 56.38368381172797
2375 68.46952334714561
2385 43.720855026496636
2395 48.17296742243917
2405 66.880402886291
2415 28.94050179519079
2425 23.36673486463625
2435 31.54336110721182
2445 43.02213230967659
2455 39.62314304928871
2465 33.6118697536018
2475 59.34244339697037
2485 43.89018873975146
2495 42.11413652877074
2505 47.89697961903802
2515 46.39957899902809
2525 34.73074597100317
2535 50.343394477529536
2545 36.090544430093715
2555 30.541763398965248
2565 124.18891190070826
2575 90.4651826954714
2585 50.648580628428796
2595 51.96667575058327
2605 67.34873298573304
2615 55.98594900444736
2625 54.530533580341526
2635 59.441305848882486
2645 38.162858916194054
2655 25.67467538539212
2665 53.69728710679969
2675 36.417164210507586
2685 49.3031218045043
2695 37.565797511334814
2705 47.832521409449335
2715 32.42584735278876
2725 32.434387620719846
2735 31.332218797606387
2745 14.836296286954669
2755 55.56214492773382
2765 42.94080797288376
2775 26.48756816296117
2785 41.99957762690392
2795 31.785572448442398
2805 28.779319105867803
2815 61.17659559494241
2825 27.054914870139395
2835 35.01574626188035
2845 35.2543802891766
2855 36.32686381569188
2865 68.54112839988163
2875 29.269310693730144
2885 45.45180725687274
2895 36.558239181831375
2905 60.89403383129901
2915 26.676710647832206
2925 48.554788060865555
2935 16.885340640880003
2945 50.487542450463685
2955 37.49141215124518
2965 29.221910721710763
2975 34.934954956993685
2985 41.07877770782853
2995 67.01375961089894
3005 27.047117579534966
3015 35.90785990721224
3025 40.33887799956206
3035 43.60194914581712
3045 32.09519570182855
3055 45.327772864873
3065 53.14538223404118
3075 36.48203073138743
3085 38.57756875501777
3095 46.603004160953624
3105 26.30298754155478
3115 26.899624266287734
3125 48.55002927234536
3135 46.33836033664582
3145 48.25836467571546
3155 29.776399399547977
3165 30.170435500902673
3175 54.6886470400648
3185 38.904180893776974
3195 64.12019316370956
3205 25.835233903216594
3215 54.66066225919064
3225 49.34089103410231
3235 36.519610033522305
3245 51.01165991325026
3255 28.94156624415692
3265 59.5490328271377
3275 66.68602980356268
3285 39.84763756749551
3295 29.874567465116375
3305 49.05464952895288
3315 41.359134363682315
3325 43.705985093084045
3335 43.21224718625366
3345 61.77428936812963
3355 52.82028471764757
3365 32.473837330614586
3375 40.583302068318254
3385 37.79634572602191
3395 26.91210793932139
3405 23.10781536197963
3415 64.5269544821216
3425 55.40476597234896
3435 36.26409450976736
3445 26.91773039971861
3455 37.92221609729421
3465 55.43541906910128
3475 24.205938211580705
3485 52.572217116183566
3495 32.16181929750806
3505 40.87972690535828
3515 30.957283760265312
3525 30.519890083923038
3535 35.89832244390371
3545 43.71762551985654
3555 50.696197588259366
3565 39.48758185127017
3575 46.1044420332087
3585 44.795636149659465
3595 32.266759892808174
3605 26.193195200748974
3615 41.07605917365864
3625 37.56087387745399
3635 73.5887041734339
3645 36.96171695579893
3655 59.47022045754235
3665 37.31339572603858
3675 44.47140939685875
3685 38.29933771172913
3695 42.37260200911439
3705 65.20880775500319
3715 55.19726974391268
3725 69.50901301332212
3735 45.19848913970954
3745 56.06450316408885
3755 21.430058329684375
3765 60.12957724196719
3775 22.48852884508787
3785 39.57456733259241
3795 40.82441840589094
3805 43.46174876642274
3815 42.167836267097485
3825 36.42792151704634
3835 49.14031718712893
3845 26.55460255055729
3855 25.549176723542526
3865 24.958180510961856
3875 57.947996858080366
3885 78.49130599163344
3895 37.25941410882237
3905 26.133803126958295
3915 38.01061332850225
3925 30.899178704651217
3935 83.03444664485836
3945 52.86991847509974
3955 29.59178096047766
3965 58.20761389513506
3975 53.16799876607433
3985 34.423413656718985
3995 50.02989957232142
4005 22.256855209842055
4015 23.165391716583116
4025 33.67694534571549
4035 42.67178762846435
4045 42.046948874379396
4055 50.0655172065328
4065 61.285812370025276
4075 81.69644163376242
4085 37.83459794213803
4095 39.10242647671389
4105 35.070297473318476
4115 50.57314687952233
4125 45.18497651310077
4135 58.61635512259873
4145 36.5648126623016
4155 44.68751858354448
4165 51.45145160806865
4175 88.01807360548408
4185 39.30746933678417
4195 63.464240860418656
4205 55.65267951408143
4215 74.85472592367466
4225 33.54333397671422
4235 51.79757078944986
4245 68.97477195584423
4255 47.73196166118217
4265 56.042523592011484
4275 64.855690621602
4285 56.681544588354384
4295 45.89717230877694
4305 58.49762768453704
4315 60.664904845984566
4325 53.644914633866385
4335 55.97675247521505
4345 42.31014757654616
4355 47.94611866870312
4365 36.24238941174973
4375 55.41544265846034
4385 38.630091387803006
4395 39.703722033537375
4405 60.011988123115565
4415 42.49993763229535
4425 45.807408786062666
4435 43.70122274534111
4445 41.662499572287004
4455 39.989021248570985
4465 46.452126758332305
4475 57.20176785370153
4485 25.089451287297706
4495 76.71883938121852
4505 36.75347077865941
4515 54.880161225670214
4525 26.966498633330694
4535 42.9621001350085
4545 42.488078774933435
4555 28.15356825944771
4565 64.57638018169807
4575 36.66881934411987
4585 31.6837268138078
4595 26.97415121553553
4605 17.148435449592693
4615 63.27813743614254
4625 37.50181577827678
4635 43.225352868820536
4645 40.30345675231372
4655 29.928617632257033
4665 42.417505496359624
4675 33.80793927740473
4685 30.56779464033455
4695 39.3065028415883
4705 19.892432249544367
4715 51.14996215819074
4725 72.97576620152365
4735 37.93234037059019
4745 37.40043140412067
4755 66.07787053804927
4765 35.182160377020644
4775 50.901835652277256
4785 53.775139753430885
4795 38.775376967731354
4805 32.48209055700588
4815 50.2355157140495
4825 48.24235209851159
4835 59.13083858494832
4845 27.71139956742926
4855 42.6717278009389
4865 61.727228882091794
4875 22.76607491588343
4885 49.002983793006564
4895 36.51763092598589
4905 41.887122745995555
4915 55.581451044735694
4925 23.70814676817239
4935 66.03017355719932
4945 24.5044280001512
4955 44.844829351393926
4965 29.7254943171272
4975 43.52320558039055
4985 55.36287337470299
4995 58.65977784603673
5005 21.6874143619134
5015 47.8934175195775
5025 33.013985739106154
5035 64.80739390291072
5045 24.408265253705675
5055 54.82469156994727
5065 34.85114252884666
5075 46.94392876639424
5085 61.04455381811893
5095 36.0640239966859
5105 51.11757925395919
5115 35.519972211885374
5125 41.321135661963396
5135 51.61047190889595
5145 53.13087040439408
5155 30.74842732378305
5165 26.38360921215951
5175 43.24655367759981
5185 41.52308540122053
5195 37.63580956855063
5205 43.54542914623089
5215 24.924163910218244
5225 43.08250917000049
5235 30.38419494103263
5245 40.48536449891925
5255 52.39588240138109
5265 37.67171291134027
5275 42.79187862053672
5285 69.98610654737288
5295 24.896627499852475
5305 23.55526817823618
5315 57.78310892213722
5325 44.75770021923462
5335 43.49259557817918
5345 63.62698969095507
5355 41.8943840058648
5365 53.231117521578646
5375 36.8472621590067
5385 63.25544100112187
5395 68.05804458602091
5405 41.32637192317215
5415 45.017671809867664
5425 63.00378440009578
5435 63.81371743528286
5445 69.2411367602239
5455 61.758692319328574
5465 46.73327258761898
5475 61.83565151208493
5485 71.10511994297262
5495 39.851411085102434
5505 30.614278775023475
5515 33.31908972820644
5525 24.442967917612762
5535 55.34148316157859
5545 26.430782608857974
5555 31.990956165078
5565 101.01076638511867
5575 28.883461084313275
5585 95.1566762299247
5595 25.693930685626547
5605 63.00312357817327
5615 31.14806667657043
5625 39.391086699955494
5635 34.795601531990194
5645 45.41795048839253
5655 33.0733093038983
5665 24.720350285317615
5675 48.3712550876263
5685 36.36504057243408
5695 31.078697596195187
5705 60.350490520953954
5715 41.22439754369977
5725 32.64621121973396
5735 31.139914819666547
5745 32.11704226155206
5755 42.75818356536982
5765 30.13882255419334
5775 40.58692946140089
5785 40.269109440369554
5795 51.414386879784026
5805 28.729819112499356
5815 65.68612480162803
5825 58.985089440085765
5835 34.94525134605777
5845 15.831077232191662
5855 36.80416982538041
5865 31.539217999074175
5875 32.415767854142366
5885 39.39070904640574
5895 49.85793346721082
5905 24.599582570618818
5915 39.8205344225092
5925 38.0149479869968
5935 40.62007730688641
5945 42.612146507632254
5955 44.701434295354254
5965 40.01965502298754
5975 46.30275366670104
5985 79.82201760108074
5995 25.62944978319974
6005 45.36954776297668
6015 36.09375954916251
6025 32.530007435837994
6035 35.88638636418097
6045 37.42226568181173
6055 38.291381279214654
6065 44.494578837665486
6075 51.09533760734206
6085 62.15754177474614
6095 48.27848453156871
6105 72.99940622991042
6115 46.02320137815828
6125 45.86109922289094
6135 50.216015039161256
6145 62.92295414186675
6155 37.37276237782822
6165 37.300451681330436
6175 74.93295892253224
6185 28.14146107809418
6195 48.65738300869391
6205 37.20093729406477
6215 35.433832729791895
6225 48.94485625132244
6235 40.76589664752832
6245 45.52246131303937
6255 23.353658235245685
6265 64.62710318483734
6275 42.66984793592897
6285 58.217948773848995
6295 61.461224319791775
6305 33.66960722044345
6315 30.07389481801207
6325 57.58287490375093
6335 32.15648180133443
6345 26.262715059281472
6355 30.25262157649662
6365 26.17174635445224
6375 31.97452425122378
6385 41.489098626984806
6395 36.122651455631015
6405 38.978950232839736
6415 29.893870880624966
6425 77.05533358345147
6435 42.82061558723744
6445 94.38947826110066
6455 52.047717165024736
6465 36.49098590680005
6475 22.396556017634886
6485 32.51664605121769
6495 42.507037169667555
6505 47.22507301513399
6515 48.038902737832814
6525 89.71220705005253
6535 27.660538013149985
6545 60.894722058805876
6555 31.935559469220756
6565 30.201122488275924
6575 55.03703228122169
6585 68.75005454496036
6595 42.33979611146246
6605 32.04159886691828
6615 29.43865045893356
6625 46.1705454474867
6635 42.63997156712107
6645 34.56306021633978
6655 31.874347579500164
6665 54.595141749776054
6675 42.92534162962701
6685 44.548622433292515
6695 63.426444342058545
6705 34.24561794111179
6715 56.26758612699743
6725 48.694320697821524
6735 40.90459958899012
6745 36.65750257989983
6755 26.79075619481241
6765 16.905657760732826
6775 24.297556501923765
6785 91.24627998979199
6795 42.778835670997516
6805 27.989375367694603
6815 28.34262893308286
6825 53.30809239694176
6835 40.19231600380018
6845 31.752526120849996
6855 40.017337686388316
6865 39.284796366637
6875 30.031968517327623
6885 20.730167678738695
6895 38.66048565730931
6905 95.96558885087266
6915 44.556665210521
6925 60.38671599669092
6935 30.623077276204963
6945 40.12091444638409
6955 44.68956350002426
6965 49.63696231564495
6975 35.724355842396086
6985 27.305297475555967
6995 58.72632778527034
7005 29.611615645043898
7015 43.018698716584005
7025 33.92454691057274
7035 23.497661772604097
7045 51.18850717389676
7055 44.5174141253453
7065 85.53438846458468
7075 41.57099737342089
7085 93.55256749035085
7095 59.69621279532048
7105 39.60433146717557
7115 29.178367521849246
7125 37.79673063614242
7135 94.06295668122353
7145 18.007818563952107
7155 62.68964144086018
7165 45.732684774714606
7175 42.87352269775589
7185 52.13166945099698
7195 47.74490452296361
7205 27.018241720659493
7215 47.03445803087545
7225 33.79633156274332
7235 38.206987572566646
7245 19.445072054965735
7255 51.334277578848486
7265 30.84911233036555
7275 33.28762200638032
7285 38.51321432464711
7295 52.425349336021156
7305 46.237181692881364
7315 27.721805499003914
7325 45.29231336911134
7335 61.7569384986522
7345 43.53699907771437
7355 36.82260840331256
7365 26.619376751039795
7375 82.0347847921753
7385 18.143576569484583
7395 35.23325650280746
7405 27.553257117483792
7415 39.23219700193864
7425 34.46198990660228
7435 47.88244214146671
7445 26.87110146294032
7455 28.65512025305491
7465 32.870884138852766
7475 62.01646744872265
7485 20.028008801191444
7495 53.30245568575629
7505 29.681909008095637
7515 43.69936586136126
7525 49.58057128361545
7535 57.12596302341523
7545 30.812297249783654
7555 31.034567344609112
7565 36.5754975469985
7575 34.79929134272476
7585 49.82976956020865
7595 30.195046851779416
7605 33.71608672735112
7615 25.736424277539108
7625 44.960657999373815
7635 32.8770256227801
7645 47.32993393365388
7655 53.0783692927063
7665 53.497499847618236
7675 39.39926910754312
7685 63.28626334927369
7695 64.9196100715884
7705 25.17423375833973
7715 38.25998109950213
7725 17.690492669652897
7735 28.693063773075227
7745 64.86968115149064
7755 41.85925952227636
7765 45.32857652768793
7775 50.44836812951747
7785 46.80797373039011
7795 37.50210564101408
7805 50.831028021112004
7815 43.23931834550792
7825 31.460714312127877
7835 22.135338386586135
7845 51.622689666920365
7855 45.46533172503531
7865 22.912959226823528
7875 61.39902203117584
7885 41.06911086827238
7895 40.83247140415314
7905 43.94604050115122
7915 47.29841235996533
7925 38.718112963978704
7935 65.3266303026644
7945 43.273648160029076
7955 84.02102951294066
7965 38.92798142511982
7975 31.673824581177367
7985 29.457360754391008
7995 68.02388649055561
8005 26.188468689870817
8015 44.95782090721459
8025 46.36784371198759
8035 44.226141407121844
8045 34.02354372260159
8055 31.85863484214821
8065 42.38930561188421
8075 50.33606459207089
8085 40.106958517987934
8095 55.30258667343254
8105 31.57190744304985
8115 57.57546768187267
8125 56.77460800522854
8135 54.09014286966334
8145 46.1330963031418
8155 43.05250583869486
8165 62.28179351747636
8175 68.79103101023527
8185 65.81865312324345
8195 40.843366602251514
8205 31.127783497168235
8215 50.07205964878699
8225 37.26419462700013
8235 57.12490817609006
8245 44.3581870281926
8255 40.144310081757034
8265 15.054869021296854
8275 44.102289891111525
8285 67.88815567522035
8295 56.981799219989426
8305 79.09910982722985
8315 51.01827306706973
8325 32.06167305187034
8335 72.44277649906493
8345 63.051009197159146
8355 29.750545910840184
8365 68.50926114843945
8375 30.08862147966316
8385 36.888996046213556
8395 52.67887693504768
8405 43.40666495514598
8415 36.215178690841086
8425 38.200300652046636
8435 41.466609730406866
8445 52.36940869394223
8455 39.071399146031105
8465 19.889346468989658
8475 53.46491003325801
8485 56.95072273620562
8495 37.23424810873882
8505 32.77271774934204
8515 31.766872347029125
8525 54.9232951821153
8535 42.36846475484737
8545 35.19403974409289
8555 24.472657247646886
8565 52.1016824955035
8575 17.853949815030223
8585 91.71528317264641
8595 26.70974577929944
8605 37.31590148672237
8615 25.836077313842317
8625 16.846191743720816
8635 57.29204272647576
8645 46.01447203191181
8655 66.88944775164867
8665 54.65414106014466
8675 56.64231086761215
8685 27.77324554338626
8695 27.292321498005848
8705 25.645265663083254
8715 53.432318724549326
8725 52.26773927811357
8735 57.7599446839881
8745 74.67556304121112
8755 44.86156992807403
8765 26.980966090653233
8775 57.568919605015715
8785 33.99302535885552
8795 57.73062883364757
8805 27.278787382369355
8815 24.739382655528406
8825 41.48191157520823
8835 40.47612579811179
8845 35.953564981699884
8855 44.50338841486396
8865 36.05845273871927
8875 39.28551394231083
8885 75.02366405065958
8895 32.912721635117556
8905 41.92693930212479
8915 49.48930387589092
8925 45.87812981307594
8935 21.291770348350738
8945 69.00652692865563
8955 33.18483982210361
8965 28.953906123433864
8975 46.03671851003485
8985 26.75824980114557
8995 54.33636268376569
9005 29.036631513415625
9015 50.65230823667248
9025 28.160992122689578
9035 20.59575288696911
9045 43.37940568976063
9055 50.80394843211519
9065 37.86662869300417
9075 70.77078254823572
9085 48.75333970116313
9095 16.183569051010952
9105 26.95089046276219
9115 45.42447277557017
9125 84.52131428911686
9135 52.62992237693445
9145 43.7459629375658
9155 40.21889579570839
9165 35.62001264890626
9175 52.872832066057036
9185 64.6173466910072
9195 50.9957358661832
9205 61.203915776228335
9215 40.892330344956875
9225 23.811186441608292
9235 41.989020422715065
9245 51.92898776461458
9255 35.408066086830914
9265 42.9207866639005
9275 46.70428132023769
9285 43.164889464521956
9295 83.02760848428694
9305 21.87671511934666
9315 56.06805657809603
9325 61.48301067278355
9335 34.67472433130587
9345 50.85192076702475
9355 44.129295447593925
9365 27.782916847156738
9375 78.34207955127764
9385 39.46663338932882
9395 47.06039264553684
9405 51.13252686794217
9415 27.60471735626293
9425 72.76616513469534
9435 32.364030754766056
9445 32.70179385929811
9455 47.801183450386844
9465 26.380688774645137
9475 41.312704303319194
9485 57.681489814353824
9495 27.725895139608486
9505 37.623031086648545
9515 56.33994915787812
9525 23.646462001600803
9535 14.781448542244995
9545 52.89376675792415
9555 46.35813706073503
9565 45.48196717326715
9575 54.195657986282
9585 48.9082079870813
9595 45.93151278888223
9605 44.5050328923506
9615 27.03888841273861
9625 29.92738534372139
9635 37.77980603709837
9645 52.20438011040327
9655 39.57191433188492
9665 34.37338448980256
9675 29.717973772251227
9685 54.71106000797957
9695 43.87406453475251
9705 40.7537923254334
9715 40.63381359907228
9725 44.67754759135816
9735 31.682042848765963
9745 47.791064022699004
9755 73.96998871435768
9765 51.979226962259034
9775 37.482509865872636
9785 27.722849682829523
9795 51.73460349592044
9805 47.44204105697126
9815 33.46112140231136
9825 37.73997940839905
9835 30.737409476725016
9845 48.18652150011876
9855 48.90931198135821
9865 52.386905906748574
9875 44.62843659458155
9885 41.256230666642075
9895 55.90558863611299
9905 52.59543644540259
9915 23.388365289841005
9925 56.566114385093634
9935 52.6470760293938
9945 65.90940219525294
9955 29.22343164707989
9965 50.51110552251316
9975 51.610085824643505
9985 73.81139037828446
9995 66.58174500770595
10005 42.357808692371655
10015 35.7410676375986
10025 52.63994129417926
10035 39.44185962342394
10045 34.87836590105531
10055 44.51916216346587
10065 51.72126037799067
10075 42.56874036584512
10085 35.436461471860824
10095 23.621810029931293
10105 34.02839349823036
10115 26.675573192156413
10125 42.26099283929595
10135 46.58645287295847
10145 48.54392531497969
10155 31.94871906008349
10165 67.30546560842144
10175 35.71169514979837
10185 40.97937768463965
10195 50.967782943347736
10205 43.110085250948124
10215 21.818350719434953
10225 43.50189140602319
10235 41.61070292628461
10245 21.891045312884412
10255 34.776740911764065
10265 65.91449228810649
10275 63.214535846928605
10285 53.04441808863715
10295 27.850401430237607
10305 39.464951585996076
10315 28.196528230865642
10325 40.63781584502267
10335 40.31130064525781
10345 54.90082167217337
10355 44.320293682870386
10365 30.562957272896192
10375 50.85150202669164
10385 35.81363593660827
10395 39.803698222270256
10405 40.43706620363988
10415 44.652674607709294
10425 53.902373184926326
10435 50.66381655165343
10445 76.29430700926542
10455 48.151290227887976
10465 63.98963063957434
10475 24.039877944581086
10485 43.2850258353372
10495 93.62433194163945
10505 36.52266583713409
10515 58.00625278001657
10525 31.675255934989117
10535 51.956915782607666
10545 76.85611778634991
10555 32.512801377410845
10565 38.58996316543858
10575 35.86230454993023
10585 87.59260309150581
10595 44.58511462769935
10605 47.187516601251026
10615 31.658790966059847
10625 47.16662103987972
10635 46.498457879399176
10645 33.48120200842005
10655 24.29746756502974
10665 43.228871597236456
10675 26.592153936743568
10685 21.746638718574083
10695 55.69511814814912
10705 31.47819202829653
10715 35.48285822804799
10725 35.071138219287974
10735 29.237309008851998
10745 26.039756935920796
10755 26.716564628884772
10765 36.369860180486015
10775 53.39613063846977
10785 34.67660588918009
10795 39.536443877307704
10805 50.50304084301952
10815 37.13941376988355
10825 45.45113043937369
10835 35.915427047310295
10845 41.790397516713085
10855 53.05382148609969
10865 75.86997529369376
10875 45.063085065787874
10885 55.77652187046344
10895 42.45121452698086
10905 48.30742388754395
10915 53.3909520703684
10925 40.24915858589256
10935 38.79390734423979
10945 38.22359286370421
10955 58.01105768001675
10965 31.88689727615692
10975 47.28667399487201
10985 41.0936116608918
10995 61.56637076388541
11005 56.00969340408678
11015 23.03571380045747
11025 22.967599541281874
11035 34.19382636345754
11045 44.4706865194168
11055 59.641026849681765
11065 66.63971201120687
11075 77.31199569011505
11085 46.55931302502224
11095 47.93708971092356
11105 66.90051473531791
11115 39.19190214374936
11125 44.174050897682
11135 38.220966001923024
11145 34.92537278104456
11155 32.52413636829319
11165 37.4751911962185
11175 26.065947886799346
11185 35.06779695304288
11195 71.54702348528966
11205 30.27918483804058
11215 37.271441834193745
11225 19.59158147387352
11235 35.012300367590804
11245 41.50008231636279
11255 30.610124100371213
11265 38.517735208549446
11275 38.47338363995822
11285 51.33901253545127
11295 39.86446661181731
11305 27.17486640517908
11315 27.80010728434197
11325 37.15073740081847
11335 86.48719516625863
11345 43.32899703718968
11355 59.380303204153364
11365 26.905008418271308
11375 37.035164862490454
11385 37.0044315233356
11395 36.44118946451136
11405 31.133549381248308
11415 42.988015702628864
11425 26.68855211104312
11435 34.378676190020656
11445 40.57880794678598
11455 43.21518474160524
11465 28.983969232830223
11475 35.88893854586001
11485 48.939238731385295
11495 25.48661876029553
11505 43.66044810126416
11515 29.639906446224813
11525 72.32663438681436
11535 36.89433391806935
11545 53.36010305503087
11555 35.69271442831539
11565 75.141111283778
11575 22.545215427356975
11585 23.057869285585028
11595 32.36607070454716
11605 40.195677191334
11615 43.02304242819786
11625 50.39806918625884
11635 56.81731837880868
11645 34.741927550303394
11655 32.814174251529074
11665 51.042612397001115
11675 38.64382006609567
11685 45.04291212227086
11695 34.9695195644449
11705 32.68294585361257
11715 40.21724122150421
11725 29.530287130532212
11735 65.2872215001295
11745 29.53147547652502
11755 54.21958748592008
11765 43.17418679769999
11775 61.75852118959126
11785 42.90612571265906
11795 46.190850627336076
11805 38.1425655770547
11815 64.22770031182003
11825 41.79203857581419
11835 21.32718900665113
11845 29.784941719085012
11855 61.45663591811135
11865 34.576360116192554
11875 32.317894612886874
11885 42.94390170048963
11895 36.20916534158358
11905 54.57789240182458
11915 59.90532759808249
11925 51.74959124887158
11935 62.48246589416789
11945 47.63384815407087
11955 25.29150264418822
11965 24.40505851367696
11975 43.30157310569251
11985 60.438474444868234
11995 52.55646352430267
12005 45.81786078047885
12015 39.357580838408424
12025 46.170464558212146
12035 38.44159169285853
12045 43.87535742361954
12055 23.993448389404584
12065 36.409095834475494
12075 42.18241629109175
12085 40.72086811596433
12095 71.68618431230757
12105 104.6893539361721
12115 50.1862948488647
12125 29.295766068854313
12135 31.75392428380422
12145 25.089151305403167
12155 29.925785020622126
12165 40.39192358962833
12175 31.85699127418504
12185 58.035389059488324
12195 36.08583835638632
12205 36.6439732588074
12215 23.55954911186608
12225 35.95195378580329
12235 51.05147121607278
12245 68.91976033707635
12255 48.90707342903313
12265 34.83002100177767
12275 38.06593366914083
12285 52.685182564840176
12295 28.629218159826056
12305 40.15317460542493
12315 22.81255842032696
12325 28.01326688865028
12335 55.98359378835248
12345 46.79463638738143
12355 35.17505385769019
12365 22.46209498146989
12375 29.111039559372962
12385 37.570131843210746
12395 45.465164140937766
12405 44.85062550047107
12415 72.65826501375962
12425 32.6353756860522
12435 36.30340060358403
12445 40.76642047063253
12455 62.98833874015317
12465 28.066597550437855
12475 34.98818467074353
12485 39.04134204770474
12495 51.65294948963833
12505 17.322981498814073
12515 40.55780235190234
12525 61.98431470304462
12535 39.883359759208346
12545 32.86672547814603
12555 43.06712925086469
12565 43.69430868117301
12575 47.064110112023066
12585 61.55353810775487
12595 48.06997055841693
12605 53.96490205800154
12615 64.14150304631536
12625 36.019409106007295
12635 46.36100746258204
12645 65.13890422335132
12655 42.02831520953347
12665 17.772273655593395
12675 43.10647193336527
12685 56.379978629346425
12695 77.3554385284182
12705 33.97604810434106
12715 86.92669101615873
12725 53.02928972395745
12735 62.15356245970062
12745 27.68941467341118
12755 45.15801472166506
12765 81.97742056861725
12775 33.00721702176331
12785 49.35484859477701
12795 54.60689671565801
12805 42.81178843563559
12815 47.098404222192
12825 39.9358764453252
12835 50.06423434233612
12845 55.10258568221897
12855 43.07152378969117
12865 30.4167238441376
12875 60.27616579821545
12885 44.50398856542666
12895 32.615630534906984
12905 76.62155187758499
12915 32.636474596206014
12925 42.839165360342214
12935 35.82943991972268
12945 36.674474561072735
12955 38.450715950550034
12965 47.300715300000384
12975 51.59300570437326
12985 33.82280201091712
12995 32.22948120986713
13005 34.12805860664013
13015 38.50408564582979
13025 36.858633307459414
13035 59.579731384463656
13045 41.777924025197905
13055 41.91078484178426
13065 58.62883309740023
13075 51.15284835675024
13085 21.584910843246483
13095 55.95210067009632
13105 38.45718909172598
13115 42.596220598109106
13125 29.530980395177426
13135 38.81671187315475
13145 41.30628690833364
13155 33.00817720150857
13165 35.558475354405026
13175 36.07061093350269
13185 44.33242803521896
13195 25.622522974587664
13205 66.27082800845858
13215 61.22037764103078
13225 56.42333887078661
13235 49.92186701218108
13245 45.30372334786041
13255 65.81384731753397
13265 60.31216162191594
13275 37.62820496980472
13285 38.06980247948495
13295 50.11382548271646
13305 45.9791032919528
13315 33.7198524642255
13325 31.376396639323367
13335 29.59230932172596
13345 29.871060438261278
13355 28.9194226648286
13365 54.56329525046713
13375 34.15116001617549
13385 51.490140646096044
13395 78.94029324738703
13405 40.058044746186596
13415 38.102716928852246
13425 58.885571297237185
13435 61.177950326260174
13445 59.6139962955153
13455 35.84535669867285
13465 41.623456531824075
13475 49.386124367321436
13485 39.466745997779775
13495 47.58667458754391
13505 43.896098944385166
13515 47.250383590026516
13525 56.08861179964084
13535 60.02797959717825
13545 24.60206602991474
13555 26.930784618678526
13565 33.728434372335265
13575 60.45796864253991
13585 46.734271769670514
13595 47.76860918200247
13605 40.29201118446997
13615 47.57253821073442
13625 51.174624648777865
13635 38.91964956138173
13645 67.52712379112764
13655 45.28963090868905
13665 35.86869555586392
13675 56.28134027076912
13685 41.47198298479325
13695 58.52627274120759
13705 62.350006429190756
13715 59.656177731099476
13725 33.9865238326833
13735 36.281805884367714
13745 45.42135909055187
13755 51.02197925401676
13765 21.964830843640275
13775 41.14042624238015
13785 23.130992698201254
13795 40.17942079958867
13805 73.04788373712728
13815 49.266438801249
13825 23.841947731590235
13835 26.894187836141008
13845 47.5580299708078
13855 17.621299532735925
13865 40.51891672047696
13875 38.56326964362231
13885 41.00524642693658
13895 40.865148710918746
13905 78.71520534015563
13915 28.790521700671817
13925 52.5826573245266
13935 36.79556999365414
13945 58.77446503825626
13955 55.095573047069436
13965 45.258271156532885
13975 34.0372583982322
13985 29.281293483919534
13995 22.79543935888025
14005 49.146782621388475
14015 25.752716499490877
14025 27.11185812551659
14035 58.33185485977963
14045 28.20524393878986
14055 59.33368547975256
14065 43.172436633350145
14075 51.521863810953135
14085 32.715897747029324
14095 64.32342314475676
14105 28.376548235915298
14115 32.47259625700059
14125 22.983293565318032
14135 26.421230701339283
14145 46.41656651214912
14155 51.7702375555033
14165 36.996951978284955
14175 60.979550338167975
14185 28.959436115820058
14195 50.47548378409324
14205 38.7592056030914
14215 69.17244321540323
14225 107.45631265563928
14235 39.25957635397472
14245 54.65268197624647
14255 56.91471093554068
14265 39.7805180648131
14275 61.36925300934406
14285 54.31755807369947
14295 42.77697278981325
14305 89.67057962309589
14315 68.46474108625114
14325 31.433758418671705
14335 31.512026126982963
14345 68.25841486561147
14355 52.80655545677164
14365 49.0322465073933
14375 41.62015870459825
14385 55.233000798624445
14395 31.283135082273485
14405 39.63298854937412
14415 27.98274700411263
14425 33.584640597810015
14435 65.85024542059809
14445 56.13925868615611
14455 46.713438672229444
14465 45.30280334464578
14475 28.17742507965284
14485 30.40615432289948
14495 47.57202727136351
14505 31.8381837202526
14515 88.8576995336314
14525 40.527767472792085
14535 24.875393042490938
14545 51.88351685697333
14555 47.52830826217403
14565 48.83401530030586
14575 40.284430297755655
14585 57.11684352135684
14595 37.98267479996135
14605 30.220004905079865
14615 37.125190627359366
14625 30.508404749707985
14635 56.90128128113452
14645 24.051113477634328
14655 50.44052771248572
14665 21.896864450957295
14675 42.641213055661254
14685 23.939661274264918
14695 21.59244729196942
14705 21.53783180380065
14715 34.43919952244756
14725 53.07286874600485
14735 65.68598165920925
14745 28.431837092971115
14755 18.261818593850702
14765 39.65828575739706
14775 31.549050973575287
14785 29.796265838775536
14795 58.17801967314277
14805 47.444156728358934
14815 34.781938533353674
14825 21.95735881615466
14835 78.13205413577698
14845 60.732575724386514
14855 23.737293470382482
14865 46.293591532757006
14875 44.76962202530955
14885 25.110611260446404
14895 12.59767713389949
14905 61.93919763163145
14915 55.07686100443639
14925 31.416276803129854
14935 70.62793933487436
14945 55.107920216961254
14955 32.326608105681075
14965 45.34711965940621
14975 43.801996013850776
14985 34.77251129439312
14995 39.88209791177267
15005 41.58693758414353
15015 29.67961023685725
15025 45.777763183416155
15035 27.190627857278155
15045 62.10549833099082
15055 50.02611491285867
15065 42.9208066547359
15075 64.22500720457903
15085 26.100630226603553
15095 43.02133667452695
15105 47.158836951959174
15115 30.53839880927314
15125 51.57660900251378
15135 50.77303606765896
15145 46.31831691798297
15155 37.59057043204528
15165 33.21585732802002
15175 47.976976519574
15185 48.4745743857327
15195 28.494721220644042
15205 41.94647327540179
15215 38.284189511050705
15225 47.48285405491081
15235 26.47061893527705
15245 26.51162879857499
15255 48.20346186859355
15265 48.54006569512503
15275 36.87949075602666
15285 37.19109145398704
15295 25.160014739266227
15305 25.23755861895337
15315 38.08669034052935
15325 18.16930326525259
15335 70.35119239363212
15345 33.30468514162199
15355 39.50613266314934
15365 35.85538004731322
15375 55.673212429332764
15385 46.80325687927133
15395 39.14759295647051
15405 47.35028594165036
15415 56.210412924374396
15425 47.372115976020275
15435 62.340618258197026
15445 32.205318476397295
15455 31.316677030059346
15465 37.97009368007907
15475 35.61614000615338
15485 30.475965431359608
15495 21.114637057474646
15505 35.74082954352557
15515 65.15647994460046
15525 29.854775798188548
15535 63.342132467358816
15545 33.58006544766778
15555 50.80393062916372
15565 38.39417772720471
15575 45.61923365785378
15585 62.93114256813623
15595 29.737587963411862
15605 29.049109742908836
15615 40.68177358518982
15625 52.303546817571394
15635 40.296473431764696
15645 40.00692110368101
15655 45.76215498063148
15665 37.06118989456488
15675 45.72175140592851
15685 65.67948101254298
15695 31.38989573225334
15705 47.481952224973554
15715 52.56692914120715
15725 34.60544809420343
15735 38.932505473651666
15745 49.833454163768266
15755 40.24449647195165
15765 35.60347121025106
15775 26.812938161674808
15785 65.30232068235644
15795 60.155626913132465
15805 35.563807977578335
15815 31.01564263502247
15825 53.914873136479265
15835 40.08670885781835
15845 45.51908208721423
15855 31.34091441615315
15865 19.924802752535808
15875 58.22993546848224
15885 45.632682129764035
15895 94.13572493722782
15905 43.060243884963995
15915 46.81011324755519
15925 63.04107082462644
15935 31.64978949968377
15945 44.60101779807497
15955 62.51455233645318
15965 52.23321346071089
15975 41.46466824013822
15985 29.86920500239942
15995 42.54507665745409
16005 46.36423513275431
16015 86.68089056133873
16025 23.575599916753127
16035 41.378457798795196
16045 53.36593613159789
16055 36.157406197334296
16065 33.200450401437145
16075 46.68482078237268
16085 40.05460008017554
16095 31.082868210696557
16105 32.54387650738984
16115 26.47185900362645
16125 44.23195595394798
16135 28.32531489183455
16145 47.567805037147565
16155 26.755624898457004
16165 26.870490859837947
16175 37.029215954510164
16185 62.20290994926309
16195 39.77159010479461
16205 38.86434035306349
16215 43.857124549149596
16225 35.62924060659324
16235 38.77822498757854
16245 36.749901414363485
16255 48.35544785876211
16265 43.14316712065013
16275 70.87316877033693
16285 44.27173026611884
16295 64.43245315008357
16305 32.887842497147766
16315 43.946414278104164
16325 41.24201447397917
16335 36.2898977366897
16345 29.98449650747401
16355 57.47194140450099
16365 63.80106917576128
16375 46.54294137380472
16385 33.58911365699104
16395 46.31666591726823
16405 44.08983438245189
16415 37.36830146715081
16425 27.936587764994734
16435 36.09778432835744
16445 55.53783917508126
16455 19.735711158284296
16465 55.45906550197179
16475 37.096840264092464
16485 28.771052605009295
16495 77.44236010162646
16505 29.97417271932185
16515 35.50162611758584
16525 46.768986054775894
16535 43.802547238235675
16545 25.780673822103168
16555 52.014272213806834
16565 50.385602346331
16575 40.756987840098695
16585 33.476772042809095
16595 25.130193837605894
16605 64.26088010779488
16615 30.76556597723716
16625 41.16333875150186
16635 27.797752557163705
16645 38.57825313040984
16655 59.244680016573966
16665 48.432921466414236
16675 38.23884155076533
16685 47.18259207388258
16695 26.912986598317936
16705 41.94194135232618
16715 22.221748629980787
16725 42.395592597077886
16735 44.868432771987266
16745 35.84071550319601
16755 45.34076834962854
16765 42.08559552956354
16775 27.91287587411203
16785 30.329617165287956
16795 56.75228249228073
16805 27.277885609257265
16815 42.49836493772273
16825 49.5663318896123
16835 55.40571622532674
16845 51.22720506750387
16855 43.37904776210794
16865 47.67804018447774
16875 17.362576098319213
16885 26.75950395419042
16895 55.33803874974917
16905 47.10367392945696
16915 28.85165240708243
16925 36.56664259304645
16935 54.45946161464827
16945 87.82306089118764
16955 52.2492220284875
16965 30.895110928765376
16975 53.90808841290528
16985 56.1218347572428
16995 49.811840279000236
17005 44.72295411658417
17015 29.097154523934435
17025 61.108639635444234
17035 53.2789666432036
17045 56.65182282360779
17055 50.75252270548158
17065 40.99795409668587
17075 43.16604069982135
17085 42.758274379055656
17095 34.741443300235886
17105 35.71376581650426
17115 41.16503566393366
17125 27.403900273186682
17135 52.3250208013022
17145 26.501220630268698
17155 46.74548692149456
17165 39.15225280651347
17175 40.17613059099365
17185 54.1538998043415
17195 58.0789856094669
17205 30.292380904825013
17215 51.23000936338083
17225 55.665734220301744
17235 31.04725528525846
17245 62.760886919280395
17255 26.266730976820376
17265 39.886480383858526
17275 47.50786754286082
17285 37.21194208846241
17295 44.202896626977854
17305 57.79945277652206
17315 45.533035264639665
17325 27.163498490505546
17335 59.534791574350855
17345 35.92280101212046
17355 42.287435086803704
17365 29.18498484151621
17375 52.57423595546456
17385 45.97786067450491
17395 61.16562724966099
17405 24.350834150801088
17415 53.53845124120275
17425 25.935651042899625
17435 11.76965367951597
17445 26.241035409283267
17455 24.550952640840993
17465 32.60605320923062
17475 50.88481030226386
17485 50.88201136486766
17495 20.21323953120246
17505 20.34754718736524
17515 39.169197132708305
17525 27.43153809285781
17535 38.19993234335141
17545 33.866639173956926
17555 38.2761196342747
17565 41.57222875987924
17575 47.51750445283145
17585 58.13604183338918
17595 58.77335917852975
17605 39.12473930420521
17615 36.01845082198427
17625 16.250357277646835
17635 41.981248076014346
17645 31.905295624697125
17655 37.992342058541816
17665 62.94764943034598
17675 43.99588390565602
17685 70.12343372209813
17695 47.682035955493554
17705 34.54236884479561
17715 47.784056690312035
17725 46.42903627453986
17735 36.37572633520799
17745 44.94528758256965
17755 60.94875230087133
17765 51.16100442389279
17775 35.418950240460816
17785 37.768024357056326
17795 43.17323392592386
17805 35.65038661485628
17815 35.07687691722174
17825 50.667115428494824
17835 33.04424822704241
17845 41.29969609913393
17855 37.39203679017652
17865 40.8817513063629
17875 34.86326921386062
17885 43.185518381249004
17895 36.9356237262394
17905 45.48499416096043
17915 41.500531854250546
17925 42.32420564386614
17935 55.440237092161006
17945 59.55087130323897
17955 27.92036329415238
17965 27.48811287009872
17975 32.37823692723913
17985 30.773083148389084
17995 51.21704839583107
18005 28.267016481545394
18015 63.578574410618764
18025 23.158882141425337
18035 42.44732095337628
18045 69.00886801969924
18055 71.41345513618894
18065 25.451327006120344
18075 37.89686041314451
18085 30.568911224930908
18095 36.31158663911884
18105 46.342857624407436
18115 36.49918955359336
18125 31.116312376705647
18135 44.53867966332318
18145 38.65114458114031
18155 48.77423478593896
18165 24.332320837796296
18175 26.604501288687175
18185 35.95939818308834
18195 36.46359575067161
18205 30.32414058688942
18215 30.755359287890915
18225 21.688240778971064
18235 49.942380282831856
18245 43.374530647455146
18255 37.56759323985338
18265 19.602252890785827
18275 65.52217375470019
18285 51.76755156593403
18295 48.51379498952545
18305 17.399965856617715
18315 23.15498980299276
18325 54.36455851173199
18335 24.0342692088794
18345 33.596235133963845
18355 26.52296778046059
18365 45.78016444262882
18375 43.9797463259702
18385 20.68845629104994
18395 35.81034905856482
18405 20.809231821734347
18415 58.6879997788082
18425 51.321325776177574
18435 36.31157029604953
18445 50.24628839032026
18455 38.53939863991157
18465 24.373745497012177
18475 41.90177755588655
18485 42.73673254124482
18495 21.861155408375712
18505 48.508543801168116
18515 26.221779840871967
18525 46.26588657084095
18535 42.43442413239317
18545 59.66891647040391
18555 26.32966915095538
18565 51.012431800440915
18575 34.8076950211059
18585 41.862085888358344
18595 20.84197490951449
18605 27.534793912889786
18615 54.03173061761338
18625 36.557657112766265
18635 51.13552519096232
18645 64.55077024226806
18655 36.977119800570996
18665 38.00710881398139
18675 33.01040603679004
18685 43.3396298131016
18695 32.3298906085178
18705 70.92420450338798
18715 28.620550130531385
18725 39.39265984431406
18735 23.5423149874085
18745 22.512012408766
18755 64.74633129474483
18765 51.242802192471345
18775 48.36521676239677
18785 50.29235671171894
18795 36.430604544719614
18805 30.988556057467864
18815 59.395098472585566
18825 49.25425110005884
18835 37.238072864733546
18845 59.54585268841636
18855 51.49394617108256
18865 31.205620429917957
18875 26.735098497473636
18885 52.57451213145218
18895 69.49308741042762
18905 22.87229942706418
18915 39.10072065050433
18925 45.697434162483106
18935 17.011688416129555
18945 37.24102392676217
18955 39.05772754698782
18965 22.453030910769286
18975 48.392152205803995
18985 33.48311548625796
18995 69.7519744033509
19005 44.31081523238526
19015 47.02028205723534
19025 42.79418256940492
19035 65.95946392324986
19045 48.60838602228621
19055 18.4526867754987
19065 31.91450224279302
19075 56.20413457805839
19085 52.57814989971868
19095 42.298213740937
19105 40.515088723234065
19115 36.70585173745901
19125 38.811921178388495
19135 52.69385474006927
19145 80.55239275256473
19155 33.729865680284576
19165 35.565249717661644
19175 46.81135709310953
19185 48.34795487317436
19195 46.41506073470015
19205 21.882469817225193
19215 50.05453130500987
19225 47.77430278388626
19235 55.12022572034577
19245 40.31517556877365
19255 26.372468840214403
19265 35.602662428555526
19275 28.78463515261431
19285 42.77810216140328
19295 72.1518520930883
19305 37.62752554861505
19315 43.51721293854927
19325 19.956055819039467
19335 42.03843425905361
19345 35.41244581418462
19355 53.43943908649593
19365 28.413232908768947
19375 44.37658684728911
19385 51.533517465101795
19395 71.78411142386302
19405 37.96426362436376
19415 38.67826155441116
19425 33.28753417986552
19435 57.435684710925614
19445 53.47382873747353
19455 16.88794169187782
19465 17.012826480171746
19475 38.07754753927904
19485 32.86503498822275
19495 31.17154285769765
19505 43.811012434275035
19515 63.88767184375377
19525 41.620168413063574
19535 46.06610328596818
19545 60.765925453985986
19555 51.47313082977494
19565 56.300306195207874
19575 59.355268951201445
19585 45.987308747859196
19595 39.67892652055037
19605 52.1304450243218
19615 12.137179307636341
19625 73.69470695016614
19635 45.91715520549893
19645 45.38750865117333
19655 44.22889792816942
19665 44.00178739809052
19675 20.587585452148414
19685 31.726526177982535
19695 45.72182389546356
19705 42.71637884020527
19715 27.476271347682154
19725 55.427789548386215
19735 53.623498910960095
19745 57.017320434072545
19755 50.880853723681454
19765 56.777802464689515
19775 27.104420969597932
19785 36.61012613728266
19795 41.238537106017155
19805 34.81305620130414
19815 34.02036607599601
19825 75.94749508164429
19835 20.42078243111377
19845 38.55207106339915
19855 36.94121111372484
19865 40.94312282467496
19875 30.42436616130359
19885 26.13505600310677
19895 49.814873259455126
19905 43.005332582569174
19915 33.92005067234483
19925 31.517486679502177
19935 63.84796887538151
19945 20.30712853954714
19955 58.273687831627534
19965 44.78890170218776
19975 18.037780107476607
19985 23.186768656892397
19995 25.688916864869892
